[gd_scene load_steps=13 format=3 uid="uid://cmhb0w53i1t1g"]

[ext_resource type="PackedScene" uid="uid://co8xu1u1qbjd6" path="res://models/targets/character-vampire.glb" id="1_gdeku"]
[ext_resource type="Script" path="res://models/targets/scripts/character_vampire.gd" id="2_v5lxt"]

[sub_resource type="BoxShape3D" id="BoxShape3D_uwui3"]
size = Vector3(0.115265, 0.221947, 0.177826)

[sub_resource type="BoxShape3D" id="BoxShape3D_sndl2"]
size = Vector3(0.258911, 0.25032, 0.217773)

[sub_resource type="BoxShape3D" id="BoxShape3D_5d4bm"]
size = Vector3(0.259686, 0.110718, 0.121046)

[sub_resource type="BoxShape3D" id="BoxShape3D_55acd"]
size = Vector3(0.286865, 0.256775, 0.274536)

[sub_resource type="AnimationNodeAnimation" id="AnimationNodeAnimation_2yjux"]
animation = &"die"

[sub_resource type="AnimationNodeAnimation" id="AnimationNodeAnimation_6pt1a"]
animation = &"idle"

[sub_resource type="AnimationNodeStateMachineTransition" id="AnimationNodeStateMachineTransition_dy8gh"]
advance_mode = 2

[sub_resource type="AnimationNodeStateMachineTransition" id="AnimationNodeStateMachineTransition_inkuu"]
advance_mode = 2
advance_condition = &"die"

[sub_resource type="AnimationNodeStateMachine" id="AnimationNodeStateMachine_hxgq2"]
states/die/node = SubResource("AnimationNodeAnimation_2yjux")
states/die/position = Vector2(422, 176)
states/idle/node = SubResource("AnimationNodeAnimation_6pt1a")
states/idle/position = Vector2(319, 98)
transitions = ["Start", "idle", SubResource("AnimationNodeStateMachineTransition_dy8gh"), "idle", "die", SubResource("AnimationNodeStateMachineTransition_inkuu")]

[sub_resource type="CapsuleShape3D" id="CapsuleShape3D_sb13d"]
radius = 0.179872
height = 0.82279

[node name="character-vampire" instance=ExtResource("1_gdeku")]
script = ExtResource("2_v5lxt")

[node name="Skeleton3D" parent="." index="0"]
transform = Transform3D(-2.5, 0, -2.18557e-07, 0, 2.5, 0, 2.18557e-07, 0, -2.5, 0, 0, 0)
bones/4/rotation = Quaternion(-0.0260878, 0, 0, 0.99966)
bones/5/rotation = Quaternion(0, 0, -0.325283, 0.945617)
bones/6/rotation = Quaternion(0, 0, 0.325283, 0.945617)
bones/8/rotation = Quaternion(0, 0.0260878, 0, 0.99966)

[node name="leg-left" parent="Skeleton3D" index="0"]
transform = Transform3D(1, 0, 0, 0, 1, 0, 0, 0, 1, 0.074204, 0.223184, -7.21911e-16)

[node name="Area3D" type="Area3D" parent="Skeleton3D/leg-left" index="1"]

[node name="leftLegC" type="CollisionShape3D" parent="Skeleton3D/leg-left/Area3D" index="0"]
transform = Transform3D(1, 0, 0, 0, 1, 0, 0, 0, 1, 0.0016534, -0.109999, 0.0114905)
shape = SubResource("BoxShape3D_uwui3")

[node name="leg-right" parent="Skeleton3D" index="1"]
transform = Transform3D(1, 0, 0, 0, 1, 0, 0, 0, 1, -0.074204, 0.223184, -7.21911e-16)

[node name="Area3D" type="Area3D" parent="Skeleton3D/leg-right" index="1"]

[node name="rightLegC" type="CollisionShape3D" parent="Skeleton3D/leg-right/Area3D" index="0"]
transform = Transform3D(1, 0, 0, 0, 1, 0, 0, 0, 1, 0.0016534, -0.109999, 0.0114905)
shape = SubResource("BoxShape3D_uwui3")

[node name="torso" parent="Skeleton3D" index="2"]
transform = Transform3D(1, 0, 0, 0, 0.998639, 0.0521579, 0, -0.0521579, 0.998639, -1.44382e-15, 0.223184, -7.21911e-16)

[node name="Area3D" type="Area3D" parent="Skeleton3D/torso" index="1"]

[node name="torsoC" type="CollisionShape3D" parent="Skeleton3D/torso/Area3D" index="0"]
transform = Transform3D(1, 0, 0, 0, 1, 0, 0, 0, 1, 0.00311279, 0.133476, 0.00439453)
shape = SubResource("BoxShape3D_sndl2")

[node name="arm-left" parent="Skeleton3D" index="3"]
transform = Transform3D(0.788383, 0.615185, 0, -0.614348, 0.787309, 0.0521579, 0.0320868, -0.0411204, 0.998639, 0.15, 0.423042, -0.00793499)

[node name="Area3D" type="Area3D" parent="Skeleton3D/arm-left" index="1"]

[node name="leftArmC" type="CollisionShape3D" parent="Skeleton3D/arm-left/Area3D" index="0"]
transform = Transform3D(0.992469, 0, -0.122493, 0, 1, 0, 0.122493, 0, 0.992469, 0.119141, 0.0339966, 0.00663487)
shape = SubResource("BoxShape3D_5d4bm")

[node name="arm-right" parent="Skeleton3D" index="4"]
transform = Transform3D(0.788383, -0.615185, 0, 0.614348, 0.787309, 0.0521579, -0.0320868, -0.0411204, 0.998639, -0.15, 0.423042, -0.00793499)

[node name="Area3D" type="Area3D" parent="Skeleton3D/arm-right" index="1"]

[node name="rightArmC" type="CollisionShape3D" parent="Skeleton3D/arm-right/Area3D" index="0"]
transform = Transform3D(-0.985847, 0, -0.167646, 0, 1, 0, 0.167646, 0, -0.985847, -0.127382, 0.0339966, 0.0135139)
shape = SubResource("BoxShape3D_5d4bm")

[node name="cape" parent="Skeleton3D" index="5"]
transform = Transform3D(1, 0, 0, 0, 0.998639, 0.0521579, 0, -0.0521579, 0.998639, -1.44382e-15, 0.477614, -0.113425)

[node name="head" parent="Skeleton3D" index="6"]
transform = Transform3D(0.998639, 0, 0.0521579, -0.00272045, 0.998639, 0.0520869, -0.0520869, -0.0521579, 0.99728, -1.44382e-15, 0.48283, -0.0135611)

[node name="Area3D" type="Area3D" parent="Skeleton3D/head" index="1"]

[node name="headC" type="CollisionShape3D" parent="Skeleton3D/head/Area3D" index="0"]
transform = Transform3D(1, 0, 0, 0, 1, 0, 0, 0, 1, 0.00402832, 0.136383, 0.0496216)
shape = SubResource("BoxShape3D_55acd")

[node name="AnimationTree" type="AnimationTree" parent="." index="2"]
tree_root = SubResource("AnimationNodeStateMachine_hxgq2")
anim_player = NodePath("../AnimationPlayer")
parameters/conditions/die = false

[node name="CollisionShape3D" type="CollisionShape3D" parent="." index="3"]
transform = Transform3D(1, 0, 0, 0, 1, 0, 0, 0, 1, 0, 0.377077, 0)
visible = false
shape = SubResource("CapsuleShape3D_sb13d")
